4293 14 00 0000 00c0 0000 0090 0080 0160 00  09081900000000
4294 14 00 0000 00c0 0000 0090 0080 0160 00 80a000600280b0026002 09081900000000
4295 14 00 0000 00c0 0000 0090 0080 0160 00 80a000600280b0026002 09081900000000
4296 14 00 0000 00c0 0000 0090 0080 0160 00 80a000600280b0026002 09081900000000
4297 14 00 0000 00c0 0000 0090 0080 0160 00 80a000600280b0026002 09081900000000
4298 14 00 0000 00c0 0000 0090 0080 0160 00 80a000600280b0026002 09081900000000
4299 14 00 0000 00c0 0000 0090 0080 0160 00 80a000600280b0026002 09081900000000
4300 14 00 0000 00c0 0000 0090 0080 0160 00 80a000600280b0026002 09081900000000
4301 14 00 0000 00c0 0000 0090 0080 0160 00 80a000600280b0026002 09081900000000
4302 14 00 0000 00c0 0000 0090 0080 0160 00 80a000600280b0026002 09081900000000
4303 14 00 0000 00c0 0000 0090 0080 0160 00 80a000600280b0026002 09081900000000
4304 14 00 0000 00c0 0000 0090 0080 0160 00 80a000600280b0026002 09081900000000
4305 14 00 0000 00c0 0000 0090 0080 0160 00 80a000600280b0026002 09081900000000
4306 14 00 0000 00c0 0000 0090 0080 0160 00 80a000600280b0026002 09081900000000
4307 14 00 0000 00c0 0000 0090 0080 0160 00 80a000600280b0026002 09081900000000
4308 14 00 0000 00c0 0000 0090 0080 0160 00 80a000600280b0026002 09081900000000
4309 14 00 0000 00c0 0000 0090 0080 0160 00 80a000600280b0026002 09081900000000
4310 14 00 0000 00c0 0000 0090 0080 0160 00 80a000600280b0026002 09081900000000
4311 14 00 0000 00c0 0000 0090 0080 0160 00 80a000600280b0026002 09081900000000
4312 14 00 0000 00c0 0000 0090 0080 0160 00 80a000600280b0026002 09081900000000
4313 14 00 0000 00c0 0000 0090 0080 0160 00 809f00600280af026002 09081900000000
4314 14 00 0000 00c0 0000 0090 0080 0160 00 809f00600280af026002 09081900000000
4315 14 00 0000 00c0 0000 0090 0080 0160 00 809f00600280af026002 09081900000000
4316 14 00 0000 00c0 0000 0090 0080 0160 00 809f00600280af026002 09081900000000
4317 14 00 0000 00c0 0000 0090 0081 0160 00 809f00600280af026002 09081900000000
4318 14 00 0000 00c0 0000 0090 0081 0160 00 819f00600281af026002 09081900000000
4319 14 00 0000 00c0 0000 0090 0082 0160 00 819f00600281af026002 09081900000000
4320 14 00 0000 00c0 0000 0090 0083 0160 00 829f00600282af026002 09081900000000
4321 14 00 0000 00c0 0000 0090 0084 0160 00 839f00600283af026002 09081900000000
4322 14 00 0000 00c0 0000 0090 0085 0160 00 849f00600284af026002 09081900000000
4323 14 00 0000 00c0 0000 0090 0085 0160 00 85a000600285b0026002 09081900000000
4324 14 00 0000 00c0 0000 0090 0086 0160 00 85a000600285b0026002 09081900000000
4325 14 00 0000 00c0 0000 0090 0087 0160 00 86a000600286b0026002 09081900000000
4326 14 00 0000 00c0 0000 0090 0088 0160 00 87a000600287b0026002 09081900000000
4327 14 00 0000 00c0 0000 0090 0088 0160 00 88a000600288b0026002 09081900000000
4328 14 00 0000 00c0 0000 0090 0089 0160 00 88a000600288b0026002 09081900000000
4329 14 00 0000 00c0 0000 0090 0089 0160 00 89a000600289b0026002 09081900000000
4330 14 00 0000 00c0 0000 0090 008a 0160 00 89a000600289b0026002 09081900000000
4331 14 00 0000 00c0 0000 0090 008a 0160 00 8a9f0060028aaf026002 
4332 14 00 0000 00c0 0000 0090 008a 0160 00 8a9f0060028aaf026002 
4333 14 00 0000 00c0 0000 0090 008a 0160 00 8a9f0060028aaf026002 
4334 14 00 0000 00c0 0000 0090 008a 0160 00 8a9f0060028aaf026002 
4335 14 00 0000 00c0 0000 0090 008a 0160 00 8a9f0060028aaf026002 
4336 14 00 0000 00c0 0000 0090 008a 0160 00 8a9f0060028aaf026002 
4337 14 00 0000 00c0 0000 0090 008a 0160 00 8a9f0060028aaf026002 
4338 14 00 0000 00c0 0000 0090 008a 0160 00 8a9f0060028aaf026002 
4339 14 00 0000 00c0 0000 0090 008a 0160 00 8a9f0060028aaf026002 
4340 14 00 0000 00c0 0000 0090 008a 0160 00 8a9f0060028aaf026002 
4341 14 00 0000 00c0 0000 0090 008a 0160 00 8a9f0060028aaf026002 
4342 14 00 0000 00c0 0000 0090 008a 0160 00 8a9f0060028aaf026002 
4343 14 00 0000 00c0 0000 0090 008a 0160 00 8a9f0060028aaf026002 
4344 14 00 0000 00c0 0000 0090 008a 0160 00 8a9f0060028aaf026002 
4345 14 00 0000 00c0 0000 0090 008a 0160 00 8a9f0060028aaf026002 
4346 14 00 0000 00c0 0000 0090 008a 0160 00 8a9f0060028aaf026002 
4347 14 00 0000 00c0 0000 0090 008a 0160 00 8a9f0060028aaf026002 
4348 14 00 0000 00c0 0000 0090 008a 0160 00 8a9f0060028aaf026002 
4349 14 00 0000 00c0 0000 0090 008a 0160 00 8a9f0060028aaf026002 
4350 14 00 0000 00c0 0000 0090 008a 0160 00 8a9f0060028aaf026002 
4351 14 00 0000 00c0 0000 0090 008a 0160 00 8a9f0060028aaf026002 
4352 14 00 0000 00c0 0000 0090 008a 0160 00 8a9f0060028aaf026002 
4353 14 00 0000 00c0 0000 0090 008a 0160 00 8a9f0060028aaf026002 
4354 14 00 0000 00c0 0000 0090 008a 0160 00 8a9f0060028aaf026002 
4355 14 00 0000 00c0 0000 0090 008a 0160 00 8a9f0060028aaf026002 
4356 14 00 0000 00c0 0000 0090 008a 0160 00 8a9f0060028aaf026002 
4357 14 00 0000 00c0 0000 0090 008a 0160 00 8a9f0060028aaf026002 
4358 14 00 0000 00c0 0000 0090 008a 0160 00 8a9f0060028aaf026002 
4359 14 00 0000 00c0 0000 0090 008a 0160 00 8a9f0060028aaf026002 
4360 14 00 0000 00c0 0000 0090 008a 0160 00 8a9f0060028aaf026002 
4361 14 00 0000 00c0 0000 0090 008a 0160 00 8a9f0060028aaf026002 
4362 14 00 0000 00c0 0000 0090 008a 0160 00 8a9f0060028aaf026002 
4363 14 00 0000 00c0 0000 0090 008a 0160 00 8a9f0060028aaf026002 
4364 14 00 0000 00c0 0000 0090 008a 0160 00 8a9f0060028aaf026002 
4365 14 00 0000 00c0 0000 0090 008a 0160 00 8a9f0060028aaf026002 
4366 14 00 0000 00c0 0000 0090 008a 0160 00 8a9f0060028aaf026002 
4367 14 00 0000 00c0 0000 0090 008a 0160 00 8a9f0060028aaf026002 
4368 14 00 0000 00c0 0000 0090 008a 0160 00 8a9f0060028aaf026002 
4369 14 00 0000 00c0 0000 0090 008a 0160 00 8a9f0060028aaf026002 
4370 14 00 0000 00c0 0000 0090 008a 0160 00 8a9f0060028aaf026002 
4371 14 00 0000 00c0 0000 0090 008a 0160 00 8a9f0060028aaf026002 
4372 14 00 0000 00c0 0000 0090 008a 0160 00 8a9f0060028aaf026002 
4373 14 00 0000 00c0 0000 0090 008a 0160 00 8a9f0060028aaf026002 
4374 14 00 0000 00c0 0000 0090 008a 0160 00 8a9f0060028aaf026002 
4375 14 00 0000 00c0 0000 0090 008a 0160 00 8a9f0060028aaf026002 
4376 14 00 0000 00c0 0000 0090 008a 0160 00 8a9f0060028aaf026002 
4377 14 00 0000 00c0 0000 0090 008a 0160 00 8a9f0060028aaf026002 
4378 14 00 0000 00c0 0000 0090 008a 0160 00 8a9f0060028aaf026002 
4379 14 00 0000 00c0 0000 0090 008a 0160 00 8a9f0060028aaf026002 
4380 14 00 0000 00c0 0000 0090 008a 0160 00 8a9f0060028aaf026002 
4381 14 00 0000 00c0 0000 0090 008a 0160 00 8a9f0060028aaf026002 
4382 14 00 0000 00c0 0000 0090 008a 0160 00 8a9f0060028aaf026002 
4383 14 00 0000 00c0 0000 0090 008a 0160 00 8a9f0060028aaf026002 
4384 14 00 0000 00c0 0000 0090 008a 0160 00 8a9f0060028aaf026002 
4385 14 00 0000 00c0 0000 0090 008a 0160 00 8a9f0060028aaf026002 
4386 14 00 0000 00c0 0000 0090 008a 0160 00 8a9f0060028aaf026002 
4387 14 00 0000 00c0 0000 0090 008a 0160 00 8a9f0060028aaf026002 
4388 14 00 0000 00c0 0000 0090 008a 0160 00 8a9f0060028aaf026002 
4389 14 00 0000 00c0 0000 0090 008a 0160 00 8a9f0060028aaf026002 
4390 14 00 0000 00c0 0000 0090 008a 0160 00 8a9f0060028aaf026002 
4391 14 00 0000 00c0 0000 0090 008a 0160 00 8a9f0060028aaf026002 
4392 14 00 0000 00c0 0000 0090 008a 0160 00 8a9f0060028aaf026002 
4393 14 00 0000 00c0 0000 0090 008a 0160 00 8a9f0060028aaf026002 
4394 14 00 0000 00c0 0000 0090 008a 0160 00 8a9f0060028aaf026002 
4395 14 00 0000 00c0 0000 0090 008a 0160 00 8a9f0060028aaf026002 
4396 14 00 0000 00c0 0000 0090 008a 0160 00 8a9f0060028aaf026002 
4397 14 00 0000 00c0 0000 0090 008a 0160 00 8a9f0060028aaf026002 
4398 14 00 0000 00c0 0000 0090 008a 0160 00 8a9f0060028aaf026002 
4399 14 00 0000 00c0 0000 0090 008a 0160 00 8a9f0060028aaf026002 
4400 14 00 0000 00c0 0000 0090 008a 0160 00 8a9f0060028aaf026002 
4401 14 00 0000 00c0 0000 0090 008a 0160 00 8a9f0060028aaf026002 
4402 14 00 0000 00c0 0000 0090 008a 0160 00 8a9f0060028aaf026002 
4403 14 00 0000 00c0 0000 0090 008a 0160 00 8a9f0060028aaf026002 
4404 14 00 0000 00c0 0000 0090 008a 0160 00 8a9f0060028aaf026002 
4405 14 00 0000 00c0 0000 0090 008a 0160 00 8a9f0060028aaf026002 
4406 14 00 0000 00c0 0000 0090 008a 0160 00 8a9f0060028aaf026002 
4407 14 00 0000 00c0 0000 0090 008a 0160 00 8a9f0060028aaf026002 
4408 14 00 0000 00c0 0000 0090 008a 0160 00 8a9f0060028aaf026002 
4409 14 00 0000 00c0 0000 0090 008a 0160 00 8a9f0060028aaf026002 
4410 14 00 0000 00c0 0000 0090 008a 0160 00 8a9f0060028aaf026002 
4411 14 00 0000 00c0 0000 0090 008a 0160 00 8a9f0060028aaf026002 
4412 14 00 0000 00c0 0000 0090 008a 0160 00 8a9f0060028aaf026002 
4413 14 00 0000 00c0 0000 0090 008a 0160 00 8a9f0060028aaf026002 
4414 14 00 0000 00c0 0000 0090 008a 0160 00 8a9f0060028aaf026002 
4415 14 00 0000 00c0 0000 0090 008a 0160 00 8a9f0060028aaf026002 
4416 14 00 0000 00c0 0000 0090 008a 0160 00 8a9f0060028aaf026002 
4417 14 00 0000 00c0 0000 0090 008a 0160 00 8a9f0060028aaf026002 
4418 14 00 0000 00c0 0000 0090 008a 0160 00 8a9f0060028aaf026002 
4419 14 00 0000 00c0 0000 0090 008a 0160 00 8a9f0060028aaf026002 
4420 14 00 0000 00c0 0000 0090 008a 0160 00 8a9f0060028aaf026002 
4421 14 00 0000 00c0 0000 0090 008a 0160 00 8a9f0060028aaf026002 
4422 14 00 0000 00c0 0000 0090 008a 0160 00 8a9f0060028aaf026002 
4423 14 00 0000 00c0 0000 0090 008a 0160 00 8a9f0060028aaf026002 
4424 14 00 0000 00c0 0000 0090 008a 0160 00 8a9f0060028aaf026002 
4425 14 00 0000 00c0 0000 0090 008a 0160 00 8a9f0060028aaf026002 
4426 14 00 0000 00c0 0000 0090 008a 0160 00 8a9f0060028aaf026002 
4427 14 00 0000 00c0 0000 0090 008a 0160 00 8a9f0060028aaf026002 
4428 14 00 0000 00c0 0000 0090 008a 0160 00 8a9f0060028aaf026002 
4429 14 00 0000 00c0 0000 0090 008a 0160 00 8a9f0060028aaf026002 
4430 14 00 0000 00c0 0000 0090 008a 0160 00 8a9f0060028aaf026002 
4431 14 00 0000 00c0 0000 0090 008a 0160 00 8a9f0060028aaf026002 
4432 14 00 0000 00c0 0000 0090 008a 0160 00 8a9f0060028aaf026002 
4433 14 00 0000 00c0 0000 0090 008a 0160 00 8a9f0060028aaf026002 
4434 14 00 0000 00c0 0000 0090 008a 0160 00 8a9f0060028aaf026002 
4435 14 00 0000 00c0 0000 0090 008a 0160 00 8a9f0060028aaf026002 
4436 14 00 0000 00c0 0000 0090 008a 0160 00 8a9f0060028aaf026002 
4437 14 00 0000 00c0 0000 0090 008a 0160 00 8a9f0060028aaf026002 
4438 14 00 0000 00c0 0000 0090 008a 0160 00 8a9f0060028aaf026002 
4439 14 00 0000 00c0 0000 0090 008a 0160 00 8a9f0060028aaf026002 
4440 14 00 0000 00c0 0000 0090 008a 0160 00 8a9f0060028aaf026002 
4441 14 00 0000 00c0 0000 0090 008a 0160 00 8a9f0060028aaf026002 
4442 14 00 0000 00c0 0000 0090 008a 0160 00 8a9f0060028aaf026002 
4443 14 00 0000 00c0 0000 0090 008a 0160 00 8a9f0060028aaf026002 
4444 14 00 0000 00c0 0000 0090 008a 0160 00 8a9f0060028aaf026002 
4445 14 00 0000 00c0 0000 0090 008a 0160 00 8a9f0060028aaf026002 
4446 14 00 0000 00c0 0000 0090 008a 0160 00 8a9f0060028aaf026002 
4447 14 00 0000 00c0 0000 0090 008a 0160 00 8a9f0060028aaf026002 
4448 14 00 0000 00c0 0000 0090 008a 0160 00 8a9f0060028aaf026002 
4449 14 00 0000 00c0 0000 0090 008a 0160 00 8a9f0060028aaf026002 
4450 14 00 0000 00c0 0000 0090 008a 0160 00 8a9f0060028aaf026002 
4451 14 00 0000 00c0 0000 0090 008a 0160 00 8a9f0060028aaf026002 
4452 14 00 0000 00c0 0000 0090 008a 0160 00 8a9f0060028aaf026002 
4453 14 00 0000 00c0 0000 0090 008a 0160 00 8a9f0060028aaf026002 
4454 14 00 0000 00c0 0000 0090 008a 0160 00 8a9f0060028aaf026002 
4455 14 00 0000 00c0 0000 0090 008a 0160 00 8a9f0060028aaf026002 
4456 14 00 0000 00c0 0000 0090 008a 0160 00 8a9f0060028aaf026002 
4457 14 00 0000 00c0 0000 0090 008a 0160 00 8a9f0060028aaf026002 
4458 14 00 0000 00c0 0000 0090 008a 0160 00 8a9f0060028aaf026002 
4459 14 00 0000 00c0 0000 0090 008a 0160 00 8a9f0060028aaf026002 
4460 14 00 0000 00c0 0000 0090 008a 0160 00 8a9f0060028aaf026002 
4461 14 00 0000 00c0 0000 0090 008a 0160 00 8a9f0060028aaf026002 
4462 14 00 0000 00c0 0000 0090 008a 0160 00 8a9f0060028aaf026002 
4463 14 00 0000 00c0 0000 0090 008a 0160 00 8a9f0060028aaf026002 
4464 14 00 0000 00c0 0000 0090 008a 0160 00 8a9f0060028aaf026002 
4465 14 00 0000 00c0 0000 0090 008a 0160 00 8a9f0060028aaf026002 
4466 14 00 0000 00c0 0000 0090 008a 0160 00 8a9f0060028aaf026002 
4467 14 00 0000 00c0 0000 0090 008a 0160 00 8a9f0060028aaf026002 
4468 14 00 0000 00c0 0000 0090 008a 0160 00 8a9f0060028aaf026002 
4469 14 00 0000 00c0 0000 0090 008a 0160 00 8a9f0060028aaf026002 
4470 14 00 0000 00c0 0000 0090 008a 0160 00 8a9f0060028aaf026002 
4471 14 00 0000 00c0 0000 0090 008a 0160 00 8a9f0060028aaf026002 
4472 14 00 0000 00c0 0000 0090 008a 0160 00 8a9f0060028aaf026002 
4473 14 00 0000 00c0 0000 0090 008a 0160 00 8a9f0060028aaf026002 
4474 14 00 0000 00c0 0000 0090 008a 0160 00 8a9f0060028aaf026002 
4475 14 00 0000 00c0 0000 0090 008a 0160 00 8a9f0060028aaf026002 
4476 14 00 0000 00c0 0000 0090 008a 0160 00 8a9f0060028aaf026002 
4477 14 00 0000 00c0 0000 0090 008a 0160 00 8a9f0060028aaf026002 
4478 14 00 0000 00c0 0000 0090 008a 0160 00 8a9f0060028aaf026002 
4479 14 00 0000 00c0 0000 0090 008a 0160 00 8a9f0060028aaf026002 
4480 14 00 0000 00c0 0000 0090 008a 0160 00 8a9f0060028aaf026002 
4481 14 00 0000 00c0 0000 0090 008a 0160 00 8a9f0060028aaf026002 
4482 14 00 0000 00c0 0000 0090 008a 0160 00 8a9f0060028aaf026002 
4483 14 00 0000 00c0 0000 0090 008a 0160 00 8a9f0060028aaf026002 
4484 14 00 0000 00c0 0000 0090 008a 0160 00 8a9f0060028aaf026002 
4485 14 00 0000 00c0 0000 0090 008a 0160 00 8a9f0060028aaf026002 
4486 14 00 0000 00c0 0000 0090 008a 0160 00 8a9f0060028aaf026002 
4487 14 00 0000 00c0 0000 0090 008a 0160 00 8a9f0060028aaf026002 
4488 14 00 0000 00c0 0000 0090 008a 0160 00 8a9f0060028aaf026002 
4489 14 00 0000 00c0 0000 0090 008a 0160 00 8a9f0060028aaf026002 
4490 14 00 0000 00c0 0000 0090 008a 0160 00 8a9f0060028aaf026002 
4491 14 00 0000 00c0 0000 0090 008a 0160 00 8a9f0060028aaf026002 
4492 14 00 0000 00c0 0000 0090 008a 0160 00 8a9f0060028aaf026002 
4493 14 00 0000 00c0 0000 0090 008a 0160 00 8a9f0060028aaf026002 
4494 14 00 0000 00c0 0000 0090 008a 0160 00 8a9f0060028aaf026002 
4495 14 00 0000 00c0 0000 0090 008a 0160 00 8a9f0060028aaf026002 
4496 14 00 0000 00c0 0000 0090 008a 0160 00 8a9f0060028aaf026002 
4497 14 00 0000 00c0 0000 0090 008a 0160 00 8a9f0060028aaf026002 
4498 14 00 0000 00c0 0000 0090 008a 0160 00 8a9f0060028aaf026002 
4499 14 00 0000 00c0 0000 0090 008a 0160 00 8a9f0060028aaf026002 
4500 14 00 0000 00c0 0000 0090 008a 0160 00 8a9f0060028aaf026002 
4501 14 00 0000 00c0 0000 0090 008a 0160 00 8a9f0060028aaf026002 
4502 14 00 0000 00c0 0000 0090 008a 0160 00 8a9f0060028aaf026002 
4503 14 00 0000 00c0 0000 0090 008a 0160 00 8a9f0060028aaf026002 
4504 14 00 0000 00c0 0000 0090 008a 0160 00 8a9f0060028aaf026002 
4505 14 00 0000 00c0 0000 0090 008a 0160 00 8a9f0060028aaf026002 
4506 14 00 0000 00c0 0000 0090 008a 0160 00 8a9f0060028aaf026002 
4507 14 00 0000 00c0 0000 0090 008a 0160 00 8a9f0060028aaf026002 
4508 14 00 0000 00c0 0000 0090 008a 0160 00 8a9f0060028aaf026002 
4509 14 00 0000 00c0 0000 0090 008a 0160 00 8a9f0060028aaf026002 
4510 14 00 0000 00c0 0000 0090 008a 0160 00 8a9f0060028aaf026002 
4511 14 00 0000 00c0 0000 0090 008a 0160 00 8a9f0060028aaf026002 
4512 14 00 0000 00c0 0000 0090 008a 0160 00 8a9f0060028aaf026002 
4513 14 00 0000 00c0 0000 0090 008a 0160 00 8a9f0060028aaf026002 
4514 14 00 0000 00c0 0000 0090 008a 0160 00 8a9f0060028aaf026002 
4515 14 00 0000 00c0 0000 0090 008a 0160 00 8a9f0060028aaf026002 
4516 14 00 0000 00c0 0000 0090 008a 0160 00 8a9f0060028aaf026002 
4517 14 00 0000 00c0 0000 0090 008a 0160 00 8a9f0060028aaf026002 
4518 14 00 0000 00c0 0000 0090 008a 0160 00 8a9f0060028aaf026002 
4519 14 00 0000 00c0 0000 0090 008a 0160 00 8a9f0060028aaf026002 
4520 14 00 0000 00c0 0000 0090 008a 0160 00 8a9f0060028aaf026002 
4521 14 00 0000 00c0 0000 0090 008a 0160 00 8a9f0060028aaf026002 
4522 14 00 0000 00c0 0000 0090 008a 0160 00 8a9f0060028aaf026002 
4523 14 00 0000 00c0 0000 0090 008a 0160 00 8a9f0060028aaf026002 
4524 14 00 0000 00c0 0000 0090 008a 0160 00 8a9f0060028aaf026002 
4525 14 00 0000 00c0 0000 0090 008a 0160 00 8a9f0060028aaf026002 
4526 14 00 0000 00c0 0000 0090 008a 0160 00 8a9f0060028aaf026002 
4527 14 00 0000 00c0 0000 0090 008a 0160 00 8a9f0060028aaf026002 
4528 14 00 0000 00c0 0000 0090 008a 0160 00 8a9f0060028aaf026002 
4529 14 00 0000 00c0 0000 0090 008a 0160 00 8a9f0060028aaf026002 
4530 14 00 0000 00c0 0000 0090 008a 0160 00 8a9f0060028aaf026002 
4531 14 00 0000 00c0 0000 0090 008a 0160 00 8a9f0060028aaf026002 
4532 14 00 0000 00c0 0000 0090 008a 0160 00 8a9f0060028aaf026002 
4533 14 00 0000 00c0 0000 0090 008a 0160 00 8a9f0060028aaf026002 
4534 14 00 0000 00c0 0000 0090 008a 0160 00 8a9f0060028aaf026002 
4535 14 00 0000 00c0 0000 0090 008a 0160 00 8a9f0060028aaf026002 
4536 14 00 0000 00c0 0000 0090 008a 0160 00 8a9f0060028aaf026002 
4537 14 00 0000 00c0 0000 0090 008a 0160 00 8a9f0060028aaf026002 
4538 14 00 0000 00c0 0000 0090 008a 0160 00 8a9f0060028aaf026002 
4539 14 00 0000 00c0 0000 0090 008a 0160 00 8a9f0060028aaf026002 
4540 14 00 0000 00c0 0000 0090 008a 0160 00 8a9f0060028aaf026002 
4541 14 00 0000 00c0 0000 0090 008a 0160 00 8a9f0060028aaf026002 
4542 14 00 0000 00c0 0000 0090 008a 0160 00 8a9f0060028aaf026002 
4543 14 00 0000 00c0 0000 0090 008a 0160 00 8a9f0060028aaf026002 
4544 14 00 0000 00c0 0000 0090 008a 0160 00 8a9f0060028aaf026002 
4545 14 00 0000 00c0 0000 0090 008a 0160 00 8a9f0060028aaf026002 
4546 14 00 0000 00c0 0000 0090 008a 0160 00 8a9f0060028aaf026002 
4547 14 00 0000 00c0 0000 0090 008a 0160 00 8a9f0060028aaf026002 
4548 14 00 0000 00c0 0000 0090 008a 0160 00 8a9f0060028aaf026002 
4549 14 00 0000 00c0 0000 0090 008a 0160 00 8a9f0060028aaf026002 
4550 14 00 0000 00c0 0000 0090 008a 0160 00 8a9f0060028aaf026002 
4551 14 00 0000 00c0 0000 0090 008a 0160 00 8a9f0060028aaf026002 
4552 14 00 0000 00c0 0000 0090 008a 0160 00 8a9f0060028aaf026002 
4553 14 00 0000 00c0 0000 0090 008a 0160 00 8a9f0060028aaf026002 
4554 14 00 0000 00c0 0000 0090 008a 0160 00 8a9f0060028aaf026002 
4555 14 00 0000 00c0 0000 0090 008a 0160 00 8a9f0060028aaf026002 
4556 14 00 0000 00c0 0000 0090 008a 0160 00 8a9f0060028aaf026002 
4557 14 00 0000 00c0 0000 0090 008a 0160 00 8a9f0060028aaf026002 
4558 14 00 0000 00c0 0000 0090 008a 0160 00 8a9f0060028aaf026002 
4559 14 00 0000 00c0 0000 0090 008a 0160 00 8a9f0060028aaf026002 
4560 14 00 0000 00c0 0000 0090 008a 0160 00 8a9f0060028aaf026002 
4561 14 00 0000 00c0 0000 0090 008a 0160 00 8a9f0060028aaf026002 
4562 14 00 0000 00c0 0000 0090 008a 0160 00 8a9f0060028aaf026002 
4563 14 00 0000 00c0 0000 0090 008a 0160 00 8a9f0060028aaf026002 
4564 14 00 0000 00c0 0000 0090 008a 0160 00 8a9f0060028aaf026002 
4565 14 00 0000 00c0 0000 0090 008a 0160 00 8a9f0060028aaf026002 
4566 14 00 0000 00c0 0000 0090 008a 0160 00 8a9f0060028aaf026002 
4567 14 00 0000 00c0 0000 0090 008a 0160 00 8a9f0060028aaf026002 
4568 14 00 0000 00c0 0000 0090 008a 0160 00 8a9f0060028aaf026002 
4569 14 00 0000 00c0 0000 0090 008a 0160 00 8a9f0060028aaf026002 
4570 14 00 0000 00c0 0000 0090 008a 0160 00 8a9f0060028aaf026002 
4571 14 00 0000 00c0 0000 0090 008a 0160 00 8a9f0060028aaf026002 
4572 14 00 0000 00c0 0000 0090 008a 0160 00 8a9f0060028aaf026002 
4573 14 00 0000 00c0 0000 0090 008a 0160 00 8a9f0060028aaf026002 
4574 14 00 0000 00c0 0000 0090 008a 0160 00 8a9f0060028aaf026002 
4575 14 00 0000 00c0 0000 0090 008a 0160 00 8a9f0060028aaf026002 
4576 14 00 0000 00c0 0000 0090 008a 0160 00 8a9f0060028aaf026002 
4577 14 00 0000 00c0 0000 0090 008a 0160 00 8a9f0060028aaf026002 
4578 14 00 0000 00c0 0000 0090 008a 0160 00 8a9f0060028aaf026002 
4579 14 00 0000 00c0 0000 0090 008a 0160 00 8a9f0060028aaf026002 
4580 14 00 0000 00c0 0000 0090 008a 0160 00 8a9f0060028aaf026002 
4581 14 00 0000 00c0 0000 0090 008a 0160 00 8a9f0060028aaf026002 
4582 14 00 0000 00c0 0000 0090 008a 0160 00 8a9f0060028aaf026002 
4583 14 00 0000 00c0 0000 0090 008a 0160 00 8a9f0060028aaf026002 
4584 14 00 0000 00c0 0000 0090 008a 0160 00 8a9f0060028aaf026002 
4585 14 00 0000 00c0 0000 0090 008a 0160 00 8a9f0060028aaf026002 
4586 14 00 0000 00c0 0000 0090 008a 0160 00 8a9f0060028aaf026002 
4587 14 00 0000 00c0 0000 0090 008a 0160 00 8a9f0060028aaf026002 
4588 14 00 0000 00c0 0000 0090 008a 0160 00 8a9f0060028aaf026002 
4589 14 00 0000 00c0 0000 0090 008a 0160 00 8a9f0060028aaf026002 
4590 14 00 0000 00c0 0000 0090 008a 0160 00 8a9f0060028aaf026002 
4591 14 00 0000 00c0 0000 0090 008a 0160 00 8a9f0060028aaf026002 
4592 14 00 0000 00c0 0000 0090 008a 0160 00 8a9f0060028aaf026002 
4593 14 00 0000 00c0 0000 0090 008a 0160 00 8a9f0060028aaf026002 
4594 14 00 0000 00c0 0000 0090 008a 0160 00 8a9f0060028aaf026002 
4595 14 00 0000 00c0 0000 0090 008a 0160 00 8a9f0060028aaf026002 
4596 14 00 0000 00c0 0000 0090 008a 0160 00 8a9f0060028aaf026002 
4597 14 00 0000 00c0 0000 0090 008a 0160 00 8a9f0060028aaf026002 
4598 14 00 0000 00c0 0000 0090 008a 0160 00 8a9f0060028aaf026002 
4599 14 00 0000 00c0 0000 0090 008a 0160 00 8a9f0060028aaf026002 
4600 14 00 0000 00c0 0000 0090 008a 0160 00 8a9f0060028aaf026002 
4601 14 00 0000 00c0 0000 0090 008a 0160 00 8a9f0060028aaf026002 
4602 14 00 0000 00c0 0000 0090 008a 0160 00 8a9f0060028aaf026002 
4603 14 00 0000 00c0 0000 0090 008a 0160 00 8a9f0060028aaf026002 
4604 14 00 0000 00c0 0000 0090 008a 0160 00 8a9f0060028aaf026002 
4605 14 00 0000 00c0 0000 0090 008a 0160 00 8a9f0060028aaf026002 
4606 14 00 0000 00c0 0000 0090 008a 0160 00 8a9f0060028aaf026002 
4607 14 00 0000 00c0 0000 0090 008a 0160 00 8a9f0060028aaf026002 
4608 14 00 0000 00c0 0000 0090 008a 0160 00 8a9f0060028aaf026002 
4609 14 00 0000 00c0 0000 0090 008a 0160 00 8a9f0060028aaf026002 
4610 14 00 0000 00c0 0000 0090 008a 0160 00 8a9f0060028aaf026002 
4611 14 00 0000 00c0 0000 0090 008a 0160 00 8a9f0060028aaf026002 
4612 14 00 0000 00c0 0000 0090 008a 0160 00 8a9f0060028aaf026002 
4613 14 00 0000 00c0 0000 0090 008a 0160 00 8a9f0060028aaf026002 
4614 14 00 0000 00c0 0000 0090 008a 0160 00 8a9f0060028aaf026002 
4615 14 00 0000 00c0 0000 0090 008a 0160 00 8a9f0060028aaf026002 
4616 14 00 0000 00c0 0000 0090 008a 0160 00 8a9f0060028aaf026002 
4617 14 00 0000 00c0 0000 0090 008a 0160 00 8a9f0060028aaf026002 
4618 14 00 0000 00c0 0000 0090 008a 0160 00 8a9f0060028aaf026002 
4619 14 00 0000 00c0 0000 0090 008a 0160 00 8a9f0060028aaf026002 
4620 14 00 0000 00c0 0000 0090 008a 0160 00 8a9f0060028aaf026002 
4621 14 00 0000 00c0 0000 0090 008a 0160 00 8a9f0060028aaf026002 
4622 14 00 0000 00c0 0000 0090 008a 0160 00 8a9f0060028aaf026002 
4623 14 00 0000 00c0 0000 0090 008a 0160 00 8a9f0060028aaf026002 
4624 14 00 0000 00c0 0000 0090 008a 0160 00 8a9f0060028aaf026002 
4625 14 00 0000 00c0 0000 0090 008a 0160 00 8a9f0060028aaf026002 
4626 14 00 0000 00c0 0000 0090 008a 0160 00 8a9f0060028aaf026002 
4627 14 00 0000 00c0 0000 0090 008a 0160 00 8a9f0060028aaf026002 
4628 14 00 0000 00c0 0000 0090 008a 0160 00 8a9f0060028aaf026002 
4629 14 00 0000 00c0 0000 0090 008a 0160 00 8a9f0060028aaf026002 
4630 14 00 0000 00c0 0000 0090 008a 0160 00 8a9f0060028aaf026002 
4631 14 00 0000 00c0 0000 0090 008a 0160 00 8a9f0060028aaf026002 
4632 14 00 0000 00c0 0000 0090 008a 0160 00 8a9f0060028aaf026002 
4633 14 00 0000 00c0 0000 0090 008a 0160 00 8a9f0060028aaf026002 
4634 14 00 0000 00c0 0000 0090 008a 0160 00 8a9f0060028aaf026002 
4635 14 00 0000 00c0 0000 0090 008a 0160 00 8a9f0060028aaf026002 
4636 14 00 0000 00c0 0000 0090 008a 0160 00 8a9f0060028aaf026002 
4637 14 00 0000 00c0 0000 0090 008a 0160 00 8a9f0060028aaf026002 
4638 14 00 0000 00c0 0000 0090 008a 0160 00 8a9f0060028aaf026002 
4639 14 00 0000 00c0 0000 0090 008a 0160 00 8a9f0060028aaf026002 
4640 14 00 0000 00c0 0000 0090 008a 0160 00 8a9f0060028aaf026002 
4641 14 00 0000 00c0 0000 0090 008a 0160 00 8a9f0060028aaf026002 
4642 14 00 0000 00c0 0000 0090 008a 0160 00 8a9f0060028aaf026002 
4643 14 00 0000 00c0 0000 0090 008a 0160 00 8a9f0060028aaf026002 
4644 14 00 0000 00c0 0000 0090 008a 0160 00 8a9f0060028aaf026002 
4645 14 00 0000 00c0 0000 0090 008a 0160 00 8a9f0060028aaf026002 
4646 14 00 0000 00c0 0000 0090 008a 0160 00 8a9f0060028aaf026002 
4647 14 00 0000 00c0 0000 0090 008a 0160 00 8a9f0060028aaf026002 
4648 14 00 0000 00c0 0000 0090 008a 0160 00 8a9f0060028aaf026002 
4649 14 00 0000 00c0 0000 0090 008a 0160 00 8a9f0060028aaf026002 
4650 14 00 0000 00c0 0000 0090 008a 0160 00 8a9f0060028aaf026002 
4651 14 00 0000 00c0 0000 0090 008a 0160 00 8a9f0060028aaf026002 
4652 14 00 0000 00c0 0000 0090 008a 0160 00 8a9f0060028aaf026002 
4653 14 00 0000 00c0 0000 0090 008a 0160 00 8a9f0060028aaf026002 
4654 14 00 0000 00c0 0000 0090 008a 0160 00 8a9f0060028aaf026002 
4655 14 00 0000 00c0 0000 0090 008a 0160 00 8a9f0060028aaf026002 
4656 14 00 0000 00c0 0000 0090 008a 0160 00 8a9f0060028aaf026002 
4657 14 00 0000 00c0 0000 0090 008a 0160 00 8a9f0060028aaf026002 
4658 14 00 0000 00c0 0000 0090 008a 0160 00 8a9f0060028aaf026002 
4659 14 00 0000 00c0 0000 0090 008a 0160 00 8a9f0060028aaf026002 
4660 14 00 0000 00c0 0000 0090 008a 0160 00 8a9f0060028aaf026002 
4661 14 00 0000 00c0 0000 0090 008a 0160 00 8a9f0060028aaf026002 
4662 14 00 0000 00c0 0000 0090 008a 0160 00 8a9f0060028aaf026002 
4663 14 00 0000 00c0 0000 0090 008a 0160 00 8a9f0060028aaf026002 
4664 14 00 0000 00c0 0000 0090 008a 0160 00 8a9f0060028aaf026002 
4665 14 00 0000 00c0 0000 0090 008a 0160 00 8a9f0060028aaf026002 
4666 14 00 0000 00c0 0000 0090 008a 0160 00 8a9f0060028aaf026002 
4667 14 00 0000 00c0 0000 0090 008a 0160 00 8a9f0060028aaf026002 
4668 14 00 0000 00c0 0000 0090 008a 0160 00 8a9f0060028aaf026002 
4669 14 00 0000 00c0 0000 0090 008a 0160 00 8a9f0060028aaf026002 
4670 14 00 0000 00c0 0000 0090 008a 0160 00 8a9f0060028aaf026002 
4671 14 00 0000 00c0 0000 0090 008a 0160 00 8a9f0060028aaf026002 
4672 14 00 0000 00c0 0000 0090 008a 0160 00 8a9f0060028aaf026002 
4673 14 00 0000 00c0 0000 0090 008a 0160 00 8a9f0060028aaf026002 
4674 14 00 0000 00c0 0000 0090 008a 0160 00 8a9f0060028aaf026002 
4675 14 00 0000 00c0 0000 0090 008a 0160 00 8a9f0060028aaf026002 
4676 14 00 0000 00c0 0000 0090 008a 0160 00 8a9f0060028aaf026002 
4677 14 00 0000 00c0 0000 0090 008a 0160 00 8a9f0060028aaf026002 
4678 14 00 0000 00c0 0000 0090 008a 0160 00 8a9f0060028aaf026002 
4679 14 00 0000 00c0 0000 0090 008a 0160 00 8a9f0060028aaf026002 
4680 14 00 0000 00c0 0000 0090 008a 0160 00 8a9f0060028aaf026002 
4681 14 00 0000 00c0 0000 0090 008a 0160 00 8a9f0060028aaf026002 
4682 14 00 0000 00c0 0000 0090 008a 0160 00 8a9f0060028aaf026002 
4683 14 00 0000 00c0 0000 0090 008a 0160 00 8a9f0060028aaf026002 
4684 14 00 0000 00c0 0000 0090 008a 0160 00 8a9f0060028aaf026002 
4685 14 00 0000 00c0 0000 0090 008a 0160 00 8a9f0060028aaf026002 
4686 14 00 0000 00c0 0000 0090 008a 0160 00 8a9f0060028aaf026002 
4687 14 00 0000 00c0 0000 0090 008a 0160 00 8a9f0060028aaf026002 
4688 14 00 0000 00c0 0000 0090 008a 0160 00 8a9f0060028aaf026002 
4689 14 00 0000 00c0 0000 0090 008a 0160 00 8a9f0060028aaf026002 
4690 14 00 0000 00c0 0000 0090 008a 0160 00 8a9f0060028aaf026002 
4691 14 00 0000 00c0 0000 0090 008a 0160 00 8a9f0060028aaf026002 
4692 14 00 0000 00c0 0000 0090 008a 0160 00 8a9f0060028aaf026002 
4693 14 00 0000 00c0 0000 0090 008a 0160 00 8a9f0060028aaf026002 
4694 14 00 0000 00c0 0000 0090 008a 0160 00 8a9f0060028aaf026002 
4695 14 00 0000 00c0 0000 0090 008a 0160 00 8a9f0060028aaf026002 
4696 14 00 0000 00c0 0000 0090 008a 0160 00 8a9f0060028aaf026002 
4697 14 00 0000 00c0 0000 0090 008a 0160 00 8a9f0060028aaf026002 
4698 14 00 0000 00c0 0000 0090 008a 0160 00 8a9f0060028aaf026002 
4699 14 00 0000 00c0 0000 0090 008a 0160 00 8a9f0060028aaf026002 
4700 14 00 0000 00c0 0000 0090 008a 0160 00 8a9f0060028aaf026002 
4701 14 00 0000 00c0 0000 0090 008a 0160 00 8a9f0060028aaf026002 
4702 14 00 0000 00c0 0000 0090 008a 0160 00 8a9f0060028aaf026002 
4703 14 00 0000 00c0 0000 0090 008a 0160 00 8a9f0060028aaf026002 
4704 14 00 0000 00c0 0000 0090 008a 0160 00 8a9f0060028aaf026002 
4705 14 00 0000 00c0 0000 0090 008a 0160 00 8a9f0060028aaf026002 
4706 14 00 0000 00c0 0000 0090 008a 0160 00 8a9f0060028aaf026002 
4707 14 00 0000 00c0 0000 0090 008a 0160 00 8a9f0060028aaf026002 
4708 14 00 0000 00c0 0000 0090 008a 0160 00 8a9f0060028aaf026002 
4709 14 00 0000 00c0 0000 0090 008a 0160 00 8a9f0060028aaf026002 
4710 14 00 0000 00c0 0000 0090 008a 0160 00 8a9f0060028aaf026002 
4711 14 00 0000 00c0 0000 0090 008a 0160 00 8a9f0060028aaf026002 
4712 14 00 0000 00c0 0000 0090 008a 0160 00 8a9f0060028aaf026002 
4713 14 00 0000 00c0 0000 0090 008a 0160 00 8a9f0060028aaf026002 
4714 14 00 0000 00c0 0000 0090 008a 0160 00 8a9f0060028aaf026002 
4715 14 00 0000 00c0 0000 0090 008a 0160 00 8a9f0060028aaf026002 
4716 14 00 0000 00c0 0000 0090 008a 0160 00 8a9f0060028aaf026002 
4717 14 00 0000 00c0 0000 0090 008a 0160 00 8a9f0060028aaf026002 
4718 14 00 0000 00c0 0000 0090 008a 0160 00 8a9f0060028aaf026002 
4719 14 00 0000 00c0 0000 0090 008a 0160 00 8a9f0060028aaf026002 
4720 14 00 0000 00c0 0000 0090 008a 0160 00 8a9f0060028aaf026002 
4721 14 00 0000 00c0 0000 0090 008a 0160 00 8a9f0060028aaf026002 
4722 14 00 0000 00c0 0000 0090 008a 0160 00 8a9f0060028aaf026002 
4723 14 00 0000 00c0 0000 0090 008a 0160 00 8a9f0060028aaf026002 
4724 14 00 0000 00c0 0000 0090 008a 0160 00 8a9f0060028aaf026002 
4725 14 00 0000 00c0 0000 0090 008a 0160 00 8a9f0060028aaf026002 
4726 14 00 0000 00c0 0000 0090 008a 0160 00 8a9f0060028aaf026002 
4727 14 00 0000 00c0 0000 0090 008a 0160 00 8a9f0060028aaf026002 
4728 14 00 0000 00c0 0000 0090 008a 0160 00 8a9f0060028aaf026002 
4729 14 00 0000 00c0 0000 0090 008a 0160 00 8a9f0060028aaf026002 
4730 14 00 0000 00c0 0000 0090 008a 0160 00 8a9f0060028aaf026002 
4731 14 00 0000 00c0 0000 0090 008a 0160 00 8a9f0060028aaf026002 
4732 14 00 0000 00c0 0000 0090 008a 0160 00 8a9f0060028aaf026002 
4733 14 00 0000 00c0 0000 0090 008a 0160 00 8a9f0060028aaf026002 
4734 14 00 0000 00c0 0000 0090 008a 0160 00 8a9f0060028aaf026002 
4735 14 00 0000 00c0 0000 0090 008a 0160 00 8a9f0060028aaf026002 
4736 14 00 0000 00c0 0000 0090 008a 0160 00 8a9f0060028aaf026002 
4737 14 00 0000 00c0 0000 0090 008a 0160 00 8a9f0060028aaf026002 
4738 14 00 0000 00c0 0000 0090 008a 0160 00 8a9f0060028aaf026002 
4739 14 00 0000 00c0 0000 0090 008a 0160 00 8a9f0060028aaf026002 
4740 14 00 0000 00c0 0000 0090 008a 0160 00 8a9f0060028aaf026002 
4741 14 00 0000 00c0 0000 0090 008a 0160 00 8a9f0060028aaf026002 
4742 14 00 0000 00c0 0000 0090 008a 0160 00 8a9f0060028aaf026002 
4743 14 00 0000 00c0 0000 0090 008a 0160 00 8a9f0060028aaf026002 
4744 14 00 0000 00c0 0000 0090 008a 0160 00 8a9f0060028aaf026002 
4745 14 00 0000 00c0 0000 0090 008a 0160 00 8a9f0060028aaf026002 
4746 14 00 0000 00c0 0000 0090 008a 0160 00 8a9f0060028aaf026002 
4747 14 00 0000 00c0 0000 0090 008a 0160 00 8a9f0060028aaf026002 
4748 14 00 0000 00c0 0000 0090 008a 0160 00 8a9f0060028aaf026002 
4749 14 00 0000 00c0 0000 0090 008a 0160 00 8a9f0060028aaf026002 
4750 14 00 0000 00c0 0000 0090 008a 0160 00 8a9f0060028aaf026002 
4751 14 00 0000 00c0 0000 0090 008a 0160 00 8a9f0060028aaf026002 
4752 14 00 0000 00c0 0000 0090 008a 0160 00 8a9f0060028aaf026002 
4753 14 00 0000 00c0 0000 0090 008a 0160 00 8a9f0060028aaf026002 
4754 14 00 0000 00c0 0000 0090 008a 0160 00 8a9f0060028aaf026002 
4755 14 00 0000 00c0 0000 0090 008a 0160 00 8a9f0060028aaf026002 
4756 14 00 0000 00c0 0000 0090 008a 0160 00 8a9f0060028aaf026002 
4757 14 00 0000 00c0 0000 0090 008a 0160 00 8a9f0060028aaf026002 
4758 14 00 0000 00c0 0000 0090 008a 0160 00 8a9f0060028aaf026002 
4759 14 00 0000 00c0 0000 0090 008a 0160 00 8a9f0060028aaf026002 
4760 14 00 0000 00c0 0000 0090 008a 0160 00 8a9f0060028aaf026002 
4761 14 00 0000 00c0 0000 0090 008a 0160 00 8a9f0060028aaf026002 
4762 14 00 0000 00c0 0000 0090 008a 0160 00 8a9f0060028aaf026002 
4763 14 00 0000 00c0 0000 0090 008a 0160 00 8a9f0060028aaf026002 
4764 14 00 0000 00c0 0000 0090 008a 0160 00 8a9f0060028aaf026002 
4765 14 00 0000 00c0 0000 0090 008a 0160 00 8a9f0060028aaf026002 
4766 14 00 0000 00c0 0000 0090 008a 0160 00 8a9f0060028aaf026002 
4767 14 00 0000 00c0 0000 0090 008a 0160 00 8a9f0060028aaf026002 
4768 14 00 0000 00c0 0000 0090 008a 0160 00 8a9f0060028aaf026002 
4769 14 00 0000 00c0 0000 0090 008a 0160 00 8a9f0060028aaf026002 
4770 14 00 0000 00c0 0000 0090 008a 0160 00 8a9f0060028aaf026002 
4771 14 00 0000 00c0 0000 0090 008a 0160 00 8a9f0060028aaf026002 
4772 14 00 0000 00c0 0000 0090 008a 0160 00 8a9f0060028aaf026002 
4773 14 00 0000 00c0 0000 0090 008a 0160 00 8a9f0060028aaf026002 
4774 14 00 0000 00c0 0000 0090 008a 0160 00 8a9f0060028aaf026002 
4775 14 00 0000 00c0 0000 0090 008a 0160 00 8a9f0060028aaf026002 
4776 14 00 0000 00c0 0000 0090 008a 0160 00 8a9f0060028aaf026002 
4777 14 00 0000 00c0 0000 0090 008a 0160 00 8a9f0060028aaf026002 
4778 14 00 0000 00c0 0000 0090 008a 0160 00 8a9f0060028aaf026002 
4779 14 00 0000 00c0 0000 0090 008a 0160 00 8a9f0060028aaf026002 
4780 14 00 0000 00c0 0000 0090 008a 0160 00 8a9f0060028aaf026002 
4781 14 00 0000 00c0 0000 0090 008a 0160 00 8a9f0060028aaf026002 
4782 14 00 0000 00c0 0000 0090 008a 0160 00 8a9f0060028aaf026002 
4783 14 00 0000 00c0 0000 0090 008a 0160 00 8a9f0060028aaf026002 
4784 14 00 0000 00c0 0000 0090 008a 0160 00 8a9f0060028aaf026002 
4785 14 00 0000 00c0 0000 0090 008a 0160 00 8a9f0060028aaf026002 
4786 14 00 0000 00c0 0000 0090 008a 0160 00 8a9f0060028aaf026002 
4787 14 00 0000 00c0 0000 0090 008a 0160 00 8a9f0060028aaf026002 
4788 14 00 0000 00c0 0000 0090 008a 0160 00 8a9f0060028aaf026002 
4789 14 00 0000 00c0 0000 0090 008a 0160 00 8a9f0060028aaf026002 
4790 14 00 0000 00c0 0000 0090 008a 0160 00 8a9f0060028aaf026002 
4791 14 00 0000 00c0 0000 0090 008a 0160 00 8a9f0060028aaf026002 
4792 14 00 0000 00c0 0000 0090 008a 0160 00 8a9f0060028aaf026002 
4793 14 00 0000 00c0 0000 0090 008a 0160 00 8a9f0060028aaf026002 
4794 14 00 0000 00c0 0000 0090 008a 0160 00 8a9f0060028aaf026002 
4795 14 00 0000 00c0 0000 0090 008a 0160 00 8a9f0060028aaf026002 
4796 14 00 0000 00c0 0000 0090 008a 0160 00 8a9f0060028aaf026002 
4797 14 00 0000 00c0 0000 0090 008a 0160 00 8a9f0060028aaf026002 
4798 14 00 0000 00c0 0000 0090 008a 0160 00 8a9f0060028aaf026002 
4799 14 00 0000 00c0 0000 0090 008a 0160 00 8a9f0060028aaf026002 
4800 14 00 0000 00c0 0000 0090 008a 0160 00 8a9f0060028aaf026002 
4801 14 00 0000 00c0 0000 0090 008a 0160 00 8a9f0060028aaf026002 
4802 14 00 0000 00c0 0000 0090 008a 0160 00 8a9f0060028aaf026002 
4803 14 00 0000 00c0 0000 0090 008a 0160 00 8a9f0060028aaf026002 
4804 14 00 0000 00c0 0000 0090 008a 0160 00 8a9f0060028aaf026002 
4805 14 00 0000 00c0 0000 0090 008a 0160 00 8a9f0060028aaf026002 
4806 14 00 0000 00c0 0000 0090 008a 0160 00 8a9f0060028aaf026002 
4807 14 00 0000 00c0 0000 0090 008a 0160 00 8a9f0060028aaf026002 
4808 14 00 0000 00c0 0000 0090 008a 0160 00 8a9f0060028aaf026002 
4809 14 00 0000 00c0 0000 0090 008a 0160 00 8a9f0060028aaf026002 
4810 14 00 0000 00c0 0000 0090 008a 0160 00 8a9f0060028aaf026002 
4811 14 00 0000 00c0 0000 0090 008a 0160 00 8a9f0060028aaf026002 
4812 14 00 0000 00c0 0000 0090 008a 0160 00 8a9f0060028aaf026002 
4813 14 00 0000 00c0 0000 0090 008a 0160 00 8a9f0060028aaf026002 
4814 14 00 0000 00c0 0000 0090 008a 0160 00 8a9f0060028aaf026002 
4815 14 00 0000 00c0 0000 0090 008a 0160 00 8a9f0060028aaf026002 
4816 14 00 0000 00c0 0000 0090 008a 0160 00 8a9f0060028aaf026002 
4817 14 00 0000 00c0 0000 0090 008a 0160 00 8a9f0060028aaf026002 
4818 14 00 0000 00c0 0000 0090 008a 0160 00 8a9f0060028aaf026002 
4819 14 00 0000 00c0 0000 0090 008a 0160 00 8a9f0060028aaf026002 
4820 14 00 0000 00c0 0000 0090 008a 0160 00 8a9f0060028aaf026002 
4821 14 00 0000 00c0 0000 0090 008a 0160 00 8a9f0060028aaf026002 
4822 14 00 0000 00c0 0000 0090 008a 0160 00 8a9f0060028aaf026002 
4823 14 00 0000 00c0 0000 0090 008a 0160 00 8a9f0060028aaf026002 
4824 14 00 0000 00c0 0000 0090 008a 0160 00 8a9f0060028aaf026002 
4825 14 00 0000 00c0 0000 0090 008a 0160 00 8a9f0060028aaf026002 
4826 14 00 0000 00c0 0000 0090 008a 0160 00 8a9f0060028aaf026002 
4827 14 00 0000 00c0 0000 0090 008a 0160 00 8a9f0060028aaf026002 
4828 14 00 0000 00c0 0000 0090 008a 0160 00 8a9f0060028aaf026002 
4829 14 00 0000 00c0 0000 0090 008a 0160 00 8a9f0060028aaf026002 
4830 14 00 0000 00c0 0000 0090 008a 0160 00 8a9f0060028aaf026002 
4831 14 00 0000 00c0 0000 0090 008a 0160 00 8a9f0060028aaf026002 
4832 14 00 0000 00c0 0000 0090 008a 0160 00 8a9f0060028aaf026002 
4833 14 00 0000 00c0 0000 0090 008a 0160 00 8a9f0060028aaf026002 
4834 14 00 0000 00c0 0000 0090 008a 0160 00 8a9f0060028aaf026002 
4835 14 00 0000 00c0 0000 0090 008a 0160 00 8a9f0060028aaf026002 
4836 14 00 0000 00c0 0000 0090 008a 0160 00 8a9f0060028aaf026002 
4837 14 00 0000 00c0 0000 0090 008a 0160 00 8a9f0060028aaf026002 
4838 14 00 0000 00c0 0000 0090 008a 0160 00 8a9f0060028aaf026002 
4839 14 00 0000 00c0 0000 0090 008a 0160 00 8a9f0060028aaf026002 
4840 14 00 0000 00c0 0000 0090 008a 0160 00 8a9f0060028aaf026002 
4841 14 00 0000 00c0 0000 0090 008a 0160 00 8a9f0060028aaf026002 
4842 14 00 0000 00c0 0000 0090 008a 0160 00 8a9f0060028aaf026002 
4843 14 00 0000 00c0 0000 0090 008a 0160 00 8a9f0060028aaf026002 
4844 14 00 0000 00c0 0000 0090 008a 0160 00 8a9f0060028aaf026002 
4845 14 00 0000 00c0 0000 0090 008a 0160 00 8a9f0060028aaf026002 
4846 14 00 0000 00c0 0000 0090 008a 0160 00 8a9f0060028aaf026002 
4847 14 00 0000 00c0 0000 0090 008a 0160 00 8a9f0060028aaf026002 
4848 14 00 0000 00c0 0000 0090 008a 0160 00 8a9f0060028aaf026002 
4849 14 00 0000 00c0 0000 0090 008a 0160 00 8a9f0060028aaf026002 
4850 14 00 0000 00c0 0000 0090 008a 0160 00 8a9f0060028aaf026002 
4851 14 00 0000 00c0 0000 0090 008a 0160 00 8a9f0060028aaf026002 
4852 14 00 0000 00c0 0000 0090 008a 0160 00 8a9f0060028aaf026002 
4853 14 00 0000 00c0 0000 0090 008a 0160 00 8a9f0060028aaf026002 
4854 14 00 0000 00c0 0000 0090 008a 0160 00 8a9f0060028aaf026002 
4855 14 00 0000 00c0 0000 0090 008a 0160 00 8a9f0060028aaf026002 
4856 14 00 0000 00c0 0000 0090 008a 0160 00 8a9f0060028aaf026002 
4857 14 00 0000 00c0 0000 0090 008a 0160 00 8a9f0060028aaf026002 
4858 14 00 0000 00c0 0000 0090 008a 0160 00 8a9f0060028aaf026002 
4859 14 00 0000 00c0 0000 0090 008a 0160 00 8a9f0060028aaf026002 
4860 14 00 0000 00c0 0000 0090 008a 0160 00 8a9f0060028aaf026002 
4861 14 00 0000 00c0 0000 0090 008a 0160 00 8a9f0060028aaf026002 
4862 14 00 0000 00c0 0000 0090 008a 0160 00 8a9f0060028aaf026002 
4863 14 00 0000 00c0 0000 0090 008a 0160 00 8a9f0060028aaf026002 
4864 14 00 0000 00c0 0000 0090 008a 0160 00 8a9f0060028aaf026002 
4865 14 00 0000 00c0 0000 0090 008a 0160 00 8a9f0060028aaf026002 
4866 14 00 0000 00c0 0000 0090 008a 0160 00 8a9f0060028aaf026002 
4867 14 00 0000 00c0 0000 0090 008a 0160 00 8a9f0060028aaf026002 
4868 14 00 0000 00c0 0000 0090 008a 0160 00 8a9f0060028aaf026002 
4869 14 00 0000 00c0 0000 0090 008a 0160 00 8a9f0060028aaf026002 
4870 14 00 0000 00c0 0000 0090 008a 0160 00 8a9f0060028aaf026002 
4871 14 00 0000 00c0 0000 0090 008a 0160 00 8a9f0060028aaf026002 
4872 14 00 0000 00c0 0000 0090 008a 0160 00 8a9f0060028aaf026002 
4873 14 00 0000 00c0 0000 0090 008a 0160 00 8a9f0060028aaf026002 
4874 14 00 0000 00c0 0000 0090 008a 0160 00 8a9f0060028aaf026002 
4875 14 00 0000 00c0 0000 0090 008a 0160 00 8a9f0060028aaf026002 
4876 14 00 0000 00c0 0000 0090 008a 0160 00 8a9f0060028aaf026002 
4877 14 00 0000 00c0 0000 0090 008a 0160 00 8a9f0060028aaf026002 
4878 14 00 0000 00c0 0000 0090 008a 0160 00 8a9f0060028aaf026002 
4879 14 00 0000 00c0 0000 0090 008a 0160 00 8a9f0060028aaf026002 
4880 14 00 0000 00c0 0000 0090 008a 0160 00 8a9f0060028aaf026002 
4881 14 00 0000 00c0 0000 0090 008a 0160 00 8a9f0060028aaf026002 
4882 14 00 0000 00c0 0000 0090 008a 0160 00 8a9f0060028aaf026002 
4883 14 00 0000 00c0 0000 0090 008a 0160 00 8a9f0060028aaf026002 
4884 14 00 0000 00c0 0000 0090 008a 0160 00 8a9f0060028aaf026002 
4885 14 00 0000 00c0 0000 0090 008a 0160 00 8a9f0060028aaf026002 
4886 14 00 0000 00c0 0000 0090 008a 0160 00 8a9f0060028aaf026002 
4887 14 00 0000 00c0 0000 0090 008a 0160 00 8a9f0060028aaf026002 
4888 14 00 0000 00c0 0000 0090 008a 0160 00 8a9f0060028aaf026002 
4889 14 00 0000 00c0 0000 0090 008a 0160 00 8a9f0060028aaf026002 
4890 14 00 0000 00c0 0000 0090 008a 0160 00 8a9f0060028aaf026002 
4891 14 00 0000 00c0 0000 0090 008a 0160 00 8a9f0060028aaf026002 
4892 14 00 0000 00c0 0000 0090 008a 0160 00 8a9f0060028aaf026002 
4893 14 00 0000 00c0 0000 0090 008a 0160 00 8a9f0060028aaf026002 
4894 14 00 0000 00c0 0000 0090 008a 0160 00 8a9f0060028aaf026002 
4895 14 00 0000 00c0 0000 0090 008a 0160 00 8a9f0060028aaf026002 
4896 14 00 0000 00c0 0000 0090 008a 0160 00 8a9f0060028aaf026002 
4897 14 00 0000 00c0 0000 0090 008a 0160 00 8a9f0060028aaf026002 
4898 14 00 0000 00c0 0000 0090 008a 0160 00 8a9f0060028aaf026002 
4899 14 00 0000 00c0 0000 0090 008a 0160 00 8a9f0060028aaf026002 
4900 14 00 0000 00c0 0000 0090 008a 0160 00 8a9f0060028aaf026002 
4901 14 00 0000 00c0 0000 0090 008a 0160 00 8a9f0060028aaf026002 
4902 14 00 0000 00c0 0000 0090 008a 0160 00 8a9f0060028aaf026002 
4903 14 00 0000 00c0 0000 0090 008a 0160 00 8a9f0060028aaf026002 
4904 14 00 0000 00c0 0000 0090 008a 0160 00 8a9f0060028aaf026002 
4905 14 00 0000 00c0 0000 0090 008a 0160 00 8a9f0060028aaf026002 
4906 14 00 0000 00c0 0000 0090 008a 0160 00 8a9f0060028aaf026002 
4907 14 00 0000 00c0 0000 0090 008a 0160 00 8a9f0060028aaf026002 
4908 14 00 0000 00c0 0000 0090 008a 0160 00 8a9f0060028aaf026002 
4909 14 00 0000 00c0 0000 0090 008a 0160 00 8a9f0060028aaf026002 
4910 14 00 0000 00c0 0000 0090 008a 0160 00 8a9f0060028aaf026002 
4911 14 00 0000 00c0 0000 0090 008a 0160 00 8a9f0060028aaf026002 
4912 14 00 0000 00c0 0000 0090 008a 0160 00 8a9f0060028aaf026002 
4913 14 00 0000 00c0 0000 0090 008a 0160 00 8a9f0060028aaf026002 
4914 14 00 0000 00c0 0000 0090 008a 0160 00 8a9f0060028aaf026002 
4915 14 00 0000 00c0 0000 0090 008a 0160 00 8a9f0060028aaf026002 
4916 14 00 0000 00c0 0000 0090 008a 0160 00 8a9f0060028aaf026002 
4917 14 00 0000 00c0 0000 0090 008a 0160 00 8a9f0060028aaf026002 
4918 14 00 0000 00c0 0000 0090 008a 0160 00 8a9f0060028aaf026002 
4919 14 00 0000 00c0 0000 0090 008a 0160 00 8a9f0060028aaf026002 
4920 14 00 0000 00c0 0000 0090 008a 0160 00 8a9f0060028aaf026002 
4921 14 00 0000 00c0 0000 0090 008a 0160 00 8a9f0060028aaf026002 
4922 14 00 0000 00c0 0000 0090 008a 0160 00 8a9f0060028aaf026002 
4923 14 00 0000 00c0 0000 0090 008a 0160 00 8a9f0060028aaf026002 
4924 14 00 0000 00c0 0000 0090 008a 0160 00 8a9f0060028aaf026002 
4925 14 00 0000 00c0 0000 0090 008a 0160 00 8a9f0060028aaf026002 
4926 14 00 0000 00c0 0000 0090 008a 0160 00 8a9f0060028aaf026002 
4927 14 00 0000 00c0 0000 0090 008a 0160 00 8a9f0060028aaf026002 
4928 14 00 0000 00c0 0000 0090 008a 0160 00 8a9f0060028aaf026002 
4929 14 00 0000 00c0 0000 0090 008a 0160 00 8a9f0060028aaf026002 
4930 14 00 0000 00c0 0000 0090 008a 0160 00 8a9f0060028aaf026002 
4931 14 00 0000 00c0 0000 0090 008a 0160 00 8a9f0060028aaf026002 
4932 14 00 0000 00c0 0000 0090 008a 0160 00 8a9f0060028aaf026002 
4933 14 00 0000 00c0 0000 0090 008a 0160 00 8a9f0060028aaf026002 
4934 14 00 0000 00c0 0000 0090 008a 0160 00 8a9f0060028aaf026002 
4935 14 00 0000 00c0 0000 0090 008a 0160 00 8a9f0060028aaf026002 
4936 14 00 0000 00c0 0000 0090 008a 0160 00 8a9f0060028aaf026002 
4937 14 00 0000 00c0 0000 0090 008a 0160 00 8a9f0060028aaf026002 
4938 14 00 0000 00c0 0000 0090 008a 0160 00 8a9f0060028aaf026002 
4939 14 00 0000 00c0 0000 0090 008a 0160 00 8a9f0060028aaf026002 
4940 14 00 0000 00c0 0000 0090 008a 0160 00 8a9f0060028aaf026002 
4941 14 00 0000 00c0 0000 0090 008a 0160 00 8a9f0060028aaf026002 
4942 14 00 0000 00c0 0000 0090 008a 0160 00 8a9f0060028aaf026002 
4943 14 00 0000 00c0 0000 0090 008a 0160 00 8a9f0060028aaf026002 
4944 14 00 0000 00c0 0000 0090 008a 0160 00 8a9f0060028aaf026002 
4945 14 00 0000 00c0 0000 0090 008a 0160 00 8a9f0060028aaf026002 
4946 14 00 0000 00c0 0000 0090 008a 0160 00 8a9f0060028aaf026002 
4947 14 00 0000 00c0 0000 0090 008a 0160 00 8a9f0060028aaf026002 
4948 14 00 0000 00c0 0000 0090 008a 0160 00 8a9f0060028aaf026002 
4949 14 00 0000 00c0 0000 0090 008a 0160 00 8a9f0060028aaf026002 
4950 14 00 0000 00c0 0000 0090 008a 0160 00 8a9f0060028aaf026002 
4951 14 00 0000 00c0 0000 0090 008a 0160 00 8a9f0060028aaf026002 
4952 14 00 0000 00c0 0000 0090 008a 0160 00 8a9f0060028aaf026002 
4953 14 00 0000 00c0 0000 0090 008a 0160 00 8a9f0060028aaf026002 
4954 14 00 0000 00c0 0000 0090 008a 0160 00 8a9f0060028aaf026002 
4955 14 00 0000 00c0 0000 0090 008a 0160 00 8a9f0060028aaf026002 
4956 14 00 0000 00c0 0000 0090 008a 0160 00 8a9f0060028aaf026002 
4957 14 00 0000 00c0 0000 0090 008a 0160 00 8a9f0060028aaf026002 
4958 14 00 0000 00c0 0000 0090 008a 0160 00 8a9f0060028aaf026002 
4959 14 00 0000 00c0 0000 0090 008a 0160 00 8a9f0060028aaf026002 
4960 14 00 0000 00c0 0000 0090 008a 0160 00 8a9f0060028aaf026002 
4961 14 00 0000 00c0 0000 0090 008a 0160 00 8a9f0060028aaf026002 
4962 14 00 0000 00c0 0000 0090 008a 0160 00 8a9f0060028aaf026002 
4963 14 00 0000 00c0 0000 0090 008a 0160 00 8a9f0060028aaf026002 
4964 14 00 0000 00c0 0000 0090 008a 0160 00 8a9f0060028aaf026002 
4965 14 00 0000 00c0 0000 0090 008a 0160 00 8a9f0060028aaf026002 
4966 14 00 0000 00c0 0000 0090 008a 0160 00 8a9f0060028aaf026002 
4967 14 00 0000 00c0 0000 0090 008a 0160 00 8a9f0060028aaf026002 
4968 14 00 0000 00c0 0000 0090 008a 0160 00 8a9f0060028aaf026002 
4969 14 00 0000 00c0 0000 0090 008a 0160 00 8a9f0060028aaf026002 
4970 14 00 0000 00c0 0000 0090 008a 0160 00 8a9f0060028aaf026002 
4971 14 00 0000 00c0 0000 0090 008a 0160 00 8a9f0060028aaf026002 
4972 14 00 0000 00c0 0000 0090 008a 0160 00 8a9f0060028aaf026002 
4973 14 00 0000 00c0 0000 0090 008a 0160 00 8a9f0060028aaf026002 
4974 14 00 0000 00c0 0000 0090 008a 0160 00 8a9f0060028aaf026002 
4975 14 00 0000 00c0 0000 0090 008a 0160 00 8a9f0060028aaf026002 
4976 14 00 0000 00c0 0000 0090 008a 0160 00 8a9f0060028aaf026002 
4977 14 00 0000 00c0 0000 0090 008a 0160 00 8a9f0060028aaf026002 
4978 14 00 0000 00c0 0000 0090 008a 0160 00 8a9f0060028aaf026002 
4979 14 00 0000 00c0 0000 0090 008a 0160 00 8a9f0060028aaf026002 
4980 14 00 0000 00c0 0000 0090 008a 0160 00 8a9f0060028aaf026002 
4981 14 00 0000 00c0 0000 0090 008a 0160 00 8a9f0060028aaf026002 
4982 14 00 0000 00c0 0000 0090 008a 0160 00 8a9f0060028aaf026002 
4983 14 00 0000 00c0 0000 0090 008a 0160 00 8a9f0060028aaf026002 
4984 14 00 0000 00c0 0000 0090 008a 0160 00 8a9f0060028aaf026002 
4985 14 00 0000 00c0 0000 0090 008a 0160 00 8a9f0060028aaf026002 
4986 14 00 0000 00c0 0000 0090 008a 0160 00 8a9f0060028aaf026002 
4987 14 00 0000 00c0 0000 0090 008a 0160 00 8a9f0060028aaf026002 
4988 14 00 0000 00c0 0000 0090 008a 0160 00 8a9f0060028aaf026002 
4989 14 00 0000 00c0 0000 0090 008a 0160 00 8a9f0060028aaf026002 
4990 14 00 0000 00c0 0000 0090 008a 0160 00 8a9f0060028aaf026002 
4991 14 00 0000 00c0 0000 0090 008a 0160 00 8a9f0060028aaf026002 
4992 14 00 0000 00c0 0000 0090 008a 0160 00 8a9f0060028aaf026002 
4993 14 00 0000 00c0 0000 0090 008a 0160 00 8a9f0060028aaf026002 
4994 14 00 0000 00c0 0000 0090 008a 0160 00 8a9f0060028aaf026002 
4995 14 00 0000 00c0 0000 0090 008a 0160 00 8a9f0060028aaf026002 
4996 14 00 0000 00c0 0000 0090 008a 0160 00 8a9f0060028aaf026002 
4997 14 00 0000 00c0 0000 0090 008a 0160 00 8a9f0060028aaf026002 
4998 14 00 0000 00c0 0000 0090 008a 0160 00 8a9f0060028aaf026002 
4999 14 00 0000 00c0 0000 0090 008a 0160 00 8a9f0060028aaf026002 
5000 14 00 0000 00c0 0000 0090 008a 0160 00 8a9f0060028aaf026002 
5001 14 00 0000 00c0 0000 0090 008a 0160 00 8a9f0060028aaf026002 
5002 14 00 0000 00c0 0000 0090 008a 0160 00 8a9f0060028aaf026002 
5003 14 00 0000 00c0 0000 0090 008a 0160 00 8a9f0060028aaf026002 
5004 14 00 0000 00c0 0000 0090 008a 0160 00 8a9f0060028aaf026002 
5005 14 00 0000 00c0 0000 0090 008a 0160 00 8a9f0060028aaf026002 
5006 14 00 0000 00c0 0000 0090 008a 0160 00 8a9f0060028aaf026002 
5007 14 00 0000 00c0 0000 0090 008a 0160 00 8a9f0060028aaf026002 
5008 14 00 0000 00c0 0000 0090 008a 0160 00 8a9f0060028aaf026002 
5009 14 00 0000 00c0 0000 0090 008a 0160 00 8a9f0060028aaf026002 
5010 14 00 0000 00c0 0000 0090 008a 0160 00 8a9f0060028aaf026002 
5011 14 00 0000 00c0 0000 0090 008a 0160 00 8a9f0060028aaf026002 
5012 14 00 0000 00c0 0000 0090 008a 0160 00 8a9f0060028aaf026002 
5013 14 00 0000 00c0 0000 0090 008a 0160 00 8a9f0060028aaf026002 
5014 14 00 0000 00c0 0000 0090 008a 0160 00 8a9f0060028aaf026002 
5015 14 00 0000 00c0 0000 0090 008a 0160 00 8a9f0060028aaf026002 
5016 14 00 0000 00c0 0000 0090 008a 0160 00 8a9f0060028aaf026002 
5017 14 00 0000 00c0 0000 0090 008a 0160 00 8a9f0060028aaf026002 
5018 14 00 0000 00c0 0000 0090 008a 0160 00 8a9f0060028aaf026002 
5019 14 00 0000 00c0 0000 0090 008a 0160 00 8a9f0060028aaf026002 
5020 14 00 0000 00c0 0000 0090 008a 0160 00 8a9f0060028aaf026002 
5021 14 00 0000 00c0 0000 0090 008a 0160 00 8a9f0060028aaf026002 
5022 14 00 0000 00c0 0000 0090 008a 0160 00 8a9f0060028aaf026002 
5023 14 00 0000 00c0 0000 0090 008a 0160 00 8a9f0060028aaf026002 
5024 14 00 0000 00c0 0000 0090 008a 0160 00 8a9f0060028aaf026002 
5025 14 00 0000 00c0 0000 0090 008a 0160 00 8a9f0060028aaf026002 
5026 14 00 0000 00c0 0000 0090 008a 0160 00 8a9f0060028aaf026002 
5027 14 00 0000 00c0 0000 0090 008a 0160 00 8a9f0060028aaf026002 
5028 14 00 0000 00c0 0000 0090 008a 0160 00 8a9f0060028aaf026002 
5029 14 00 0000 00c0 0000 0090 008a 0160 00 8a9f0060028aaf026002 
5030 14 00 0000 00c0 0000 0090 008a 0160 00 8a9f0060028aaf026002 
5031 14 00 0000 00c0 0000 0090 008a 0160 00 8a9f0060028aaf026002 
5032 14 00 0000 00c0 0000 0090 008a 0160 00 8a9f0060028aaf026002 
5033 14 00 0000 00c0 0000 0090 008a 0160 00 8a9f0060028aaf026002 
5034 14 00 0000 00c0 0000 0090 008a 0160 00 8a9f0060028aaf026002 
5035 14 00 0000 00c0 0000 0090 008a 0160 00 8a9f0060028aaf026002 
5036 14 00 0000 00c0 0000 0090 008a 0160 00 8a9f0060028aaf026002 
5037 14 00 0000 00c0 0000 0090 008a 0160 00 8a9f0060028aaf026002 
5038 14 00 0000 00c0 0000 0090 008a 0160 00 8a9f0060028aaf026002 
5039 14 00 0000 00c0 0000 0090 008a 0160 00 8a9f0060028aaf026002 
5040 14 00 0000 00c0 0000 0090 008a 0160 00 8a9f0060028aaf026002 
5041 14 00 0000 00c0 0000 0090 008a 0160 00 8a9f0060028aaf026002 
5042 14 00 0000 00c0 0000 0090 008a 0160 00 8a9f0060028aaf026002 
5043 14 00 0000 00c0 0000 0090 008a 0160 00 8a9f0060028aaf026002 
5044 14 00 0000 00c0 0000 0090 008a 0160 00 8a9f0060028aaf026002 
5045 14 00 0000 00c0 0000 0090 008a 0160 00 8a9f0060028aaf026002 
5046 14 00 0000 00c0 0000 0090 008a 0160 00 8a9f0060028aaf026002 
5047 14 00 0000 00c0 0000 0090 008a 0160 00 8a9f0060028aaf026002 
5048 14 00 0000 00c0 0000 0090 008a 0160 00 8a9f0060028aaf026002 
5049 14 00 0000 00c0 0000 0090 008a 0160 00 8a9f0060028aaf026002 
5050 14 00 0000 00c0 0000 0090 008a 0160 00 8a9f0060028aaf026002 
5051 14 00 0000 00c0 0000 0090 008a 0160 00 8a9f0060028aaf026002 
5052 14 00 0000 00c0 0000 0090 008a 0160 00 8a9f0060028aaf026002 
5053 14 00 0000 00c0 0000 0090 008a 0160 00 8a9f0060028aaf026002 
5054 14 00 0000 00c0 0000 0090 008a 0160 00 8a9f0060028aaf026002 
5055 14 00 0000 00c0 0000 0090 008a 0160 00 8a9f0060028aaf026002 
5056 14 00 0000 00c0 0000 0090 008a 0160 00 8a9f0060028aaf026002 
5057 14 00 0000 00c0 0000 0090 008a 0160 00 8a9f0060028aaf026002 
5058 14 00 0000 00c0 0000 0090 008a 0160 00 8a9f0060028aaf026002 
5059 14 00 0000 00c0 0000 0090 008a 0160 00 8a9f0060028aaf026002 
5060 14 00 0000 00c0 0000 0090 008a 0160 00 8a9f0060028aaf026002 
5061 14 00 0000 00c0 0000 0090 008a 0160 00 8a9f0060028aaf026002 
5062 14 00 0000 00c0 0000 0090 008a 0160 00 8a9f0060028aaf026002 
5063 14 00 0000 00c0 0000 0090 008a 0160 00 8a9f0060028aaf026002 
5064 14 00 0000 00c0 0000 0090 008a 0160 00 8a9f0060028aaf026002 
5065 14 00 0000 00c0 0000 0090 008a 0160 00 8a9f0060028aaf026002 
5066 14 00 0000 00c0 0000 0090 008a 0160 00 8a9f0060028aaf026002 
5067 14 00 0000 00c0 0000 0090 008a 0160 00 8a9f0060028aaf026002 
5068 14 00 0000 00c0 0000 0090 008a 0160 00 8a9f0060028aaf026002 
5069 14 00 0000 00c0 0000 0090 008a 0160 00 8a9f0060028aaf026002 
